419.28
412.844
89.3331
58.6474
404.436
404.852
404.857
29.3586
403.791
405.816
404.753
307.022
344.477
352.166
346.52
471.839
511.533
405.268
406.454
345.752
410.05
405.698
355.659
304.462
299.741
307.444
344.477
313.476
348.81
366.256
406.081
360.322
88.1903
65.8658
354.251
350.856
43.7977
348.111
346.517
21.8745
345.826
345.059
307.988
344.477
405.201
510.501
405.389
471.565
409.391
404.635
305.623
307.47
344.477
299.552
313.877
366.541
408.209
412.415
88.1903
58.7548
406.45
29.3501
421.988
434.276
408.286
356.789
599.858
491.613
463.299
365.201
389.451
371.371
631.595
504.143
408.286
375.911
608.865
333.386
622.341
329.123
402.327
408.232
389.451
315.69
204.949
359.398
436.244
359.398
486.155
313.765
471.293
387.8
373.3
498.717
373.3
492.577
356.616
374.498
409.219
419.025
411.742
411.254
323.423
478.502
374.95
496.729
411.742
380.446
408.037
410.279
336.304
421.602
377.486
402.851
481.709
411.742
521.205
442.633
377.287
421.658
438.133
368.998
411.742
312.679
464.571
423.636
349.519
353.236
352.018
411.742
301.903
308.742
411.742
410.166
254.795
428.673
435.416
391.506
410.653
347.474
354.21
416.174
483.242
366.937
375.709
371.057
480.942
524.507
297.246
411.742
380.598
419.387
395.364
419.999
372.773
457.221
312.754
446.218
412.403
445.587
424.949
500.806
512.089
375.921
404.268
490.577
411.742
519.448
358.804
418.62
474.353
257.711
229.564
412.213
458.782
201.399
412.213
173.227
444.803
409.685
439.678
144.676
415.194
433.433
115.957
417.634
427.975
87.1433
419.01
424.674
58.216
420.665
423.642
29.153
422.638
423.947
357.621
376.876
418.264
517.433
410.247
387.441
358.003
288.677
376.249
438.006
290.823
178.161
331.867
304.338
411.78
332.455
375.791
475.659
345.17
411.78
488.718
513.727
565.288
451.904
410.247
352.286
453.965
322.943
540.575
333.137
410.247
418.439
458.056
354.976
525.633
410.247
627.501
484.122
473.932
435.294
321.556
290.238
378.266
375.791
453.611
410.456
263.691
371.968
471.329
243.112
416.539
410.247
461.33
283.477
417.626
324.596
595.134
530.385
410.247
317.474
457.531
394.874
470.638
519.139
480.653
280.425
245.362
462.376
210.306
446.113
175.255
433.543
140.204
423.509
105.153
416.193
70.102
411.742
35.051
261.642
368.187
406.391
398.425
405.443
265.555
337.095
336.374
405.443
358.824
303.71
362.792
319.556
384.865
399.394
362.792
294.923
316.176
302.665
314.703
375.9
467.82
375.9
443.483
366.182
365.003
378.074
425.094
507.508
407.891
418.418
410.551
411.254
299.363
275.614
375.566
355.029
328.558
477.882
245.855
423.934
307.735
360.763
410.551
387.891
375.423
451.113
409.551
410.551
396.188
475.982
410.551
369.361
460.09
510.872
358.274
414.368
465.891
326.835
410.551
365.747
442.432
324.194
411.065
282.478
463.427
274.094
410.551
377.702
373.63
409.122
468.129
274.71
420.249
350.594
287.518
355.487
375.423
452.023
293.585
284.186
325.895
361.827
351.163
316.925
357.676
410.551
408.743
354.47
425.905
329.049
533.726
418.843
352.863
306.265
444.867
411.14
410.551
355.092
500.173
421.891
475.715
254.063
417.39
459.576
285.66
521.114
409.359
491.004
257.659
428.919
228.348
472.913
199.186
428.919
454.023
170.243
420.897
141.412
442.465
419.259
432.781
112.678
417.856
84.2507
421.89
413.392
413.909
56.0501
410.097
409.117
27.9828
408.159
406.93
368.349
377.28
417.663
507.457
409.06
335.732
319.549
374.42
339.156
419.458
375.701
374.267
360.633
419.912
375.781
485.063
374.484
419.458
488.999
519.264
551.896
458.746
409.06
477.626
427.273
401.258
500.289
407.065
409.06
356.984
452.52
377.383
442.068
373.017
409.06
305.69
450.437
371.701
365.701
335.401
409.06
527.206
409.06
467.961
471.895
379.446
395.646
418.041
405.563
441.2
370.33
440.301
438.523
346.611
375.648
408.805
339.268
332.249
347.888
375.148
592.35
486.936
280.369
244.868
468.954
209.698
444.823
174.748
432.289
139.798
422.284
104.849
414.99
69.8992
410.551
34.9496
308.009
346.91
352.071
354.929
514.562
476.081
408.164
412.168
355.867
413.965
411.968
355.659
304.918
310.136
346.91
301.372
313.998
350.726
372.958
411.886
346.143
90.2083
67.159
339.566
352.9
44.9697
350.023
354.933
22.5145
354.218
355.154
301.735
345.16
513.519
475.808
408.095
411.088
413.287
410.888
304.717
300.562
308.837
307.221
345.16
367.187
401.252
405.658
89.9285
59.6217
412.167
29.8036
306.278
344.049
350.941
471.56
510.588
345.177
405.252
410.122
345.772
355.659
303.626
299.618
306.847
344.049
312.599
347.779
365.347
314.916
345.789
367.568
405.185
509.561
471.286
344.486
409.464
345.08
308.053
345.789
312.641
299.776
319.324
347.082
368.077
421.205
402.061
427.937
402.551
234.537
240.098
483.966
336.967
341.859
435.159
297.847
407.892
327.413
368.695
410.985
278.781
354.103
405.536
395.431
494.351
413.313
433.93
443.818
437.073
386.376
444.423
393.447
351.345
280.44
223.889
231.82
424.381
397.467
400.876
417.95
341.792
288.114
428.008
446.79
327.231
444.322
445.285
387.416
447.932
380.743
365.907
374.694
290.671
348.864
428.964
326.753
370.866
323.652
301.752
302.002
278.859
275.43
280.031
350.152
400.946
353.42
433.746
343.67
333.41
445.712
350.779
348.571
457.776
397.443
310.959
367.118
440.392
359.969
355.378
432.224
346.045
358.477
367.797
405.655
312.188
391.987
412.951
417.962
315.615
485.601
451.786
511.089
264.309
486.82
357.258
369.36
356.654
432.66
389.871
233.563
354.069
472.099
362.702
302.606
366.351
341.192
378.649
442.866
404.168
356.714
417.398
337.713
406.196
224.506
468.457
352.662
330.17
460.974
331.74
331.554
330.12
411.246
295.463
360.689
527.026
500.838
303.731
467.488
472.855
375.961
328.968
349.118
299.984
443.324
255.051
335.956
528.961
332.143
348.296
282.224
295.387
303.668
310.62
343.14
330.259
449.998
352.286
276.516
449.685
412.916
367.802
306.861
357.7
309.412
339.308
385.635
352.661
311.71
328.852
320.502
412.219
343.13
397.801
317.112
368.211
412.962
393.55
476.945
294.676
478.678
401.724
349.034
284.34
400.995
401.667
366.347
396.52
360.265
397.01
287.293
483.967
394.856
315.273
362.349
374.54
464.513
375.802
395.076
194.48
412.471
352.151
419.958
314.36
435.14
346.179
408.563
442.419
310.892
413.212
454.409
420.526
467.555
336.22
451.884
351.462
339.727
347.274
395.488
411.431
308.839
301.752
331.588
403.06
342.322
356.492
421.293
331.049
334.407
466.745
373.189
370.734
449.582
414.553
414.701
405.129
231.614
469.367
89.6115
250.458
448.413
413.579
264.469
286.248
372.546
284.404
358.799
256.366
346.982
361.806
441.313
318.112
380.078
333.734
470.185
353.005
456.219
376.077
337.059
283.487
383.315
381.493
300.942
430.268
351.919
470.099
449.172
290.005
351.734
410.808
372.085
417.293
329.077
403.965
425.272
434.662
390.262
440.298
325.841
348.638
468.761
363.012
355.156
436.625
384.27
335.063
392.376
495.13
380.149
414.095
407.785
400.374
301.445
440.657
428.737
377.523
311.299
409.107
399.177
360.687
346.591
298.816
356.386
435.001
422.176
360.596
401.629
355.011
396.556
444.562
388.717
393.526
394.465
383.102
384.341
389.856
393.49
351.89
372.486
362.631
399.239
355.736
306.213
371.349
324.473
308.124
214.527
460.773
638.963
246.248
525.113
367.199
341.509
356.596
392.517
332.659
420.858
403.944
378.936
437.39
244.992
466.021
384.922
388.707
377.797
450.19
397.526
295.917
296.953
443.987
329.549
465.384
294.308
295.975
357.235
513.109
381.352
285.108
304.588
341.856
482.058
429.215
429.48
459.012
358.681
342.136
377.366
377.819
373.368
349.012
430.779
302.912
340.975
313.438
314.583
422.692
495.038
316.997
416.353
314.558
407.568
340.925
383.65
270.318
453.747
389.67
398.297
331.228
372.081
338.132
303.655
371.697
312.866
310.828
340.176
426.384
423.513
388.233
414.595
346.301
330.49
470.258
382.468
313.26
336.507
388.134
329.805
447.511
370.866
358.914
340.677
346.123
350.668
425.429
400.001
366.639
385.576
283.046
450.019
403.419
404.634
314.896
407.704
462.84
451.059
429.51
421.558
576.856
492.297
247.602
475.497
345.849
309.218
520.767
490.005
413.376
403.86
427.001
437.415
584.35
573.713
450.852
421.756
493.919
465.116
410.885
403.485
338.124
304.969
361.104
65.7169
349.824
43.7141
345.18
21.8759
