35.1974
26.4263
52.7759
70.3414
79.4917
35.1974
26.4263
52.7759
70.3414
79.4917
89.3331
89.3331
177.83
170.497
173.095
178.776
205.168
196.275
169.82
178.182
173.095
58.3631
73.2193
43.5967
29.0027
21.6997
177.83
35.2851
26.4961
52.9061
70.4975
79.2226
88.1903
88.1903
169.82
177.83
58.3631
73.2193
43.5967
29.0027
21.6997
88.1903
164.982
201.884
187.377
206.01
210.308
195.365
195.729
182.089
35.2851
26.4961
52.9061
70.4975
79.2226
88.1903
146.713
187.404
189.657
207.417
180.61
146.713
198.601
214.071
206.346
149.334
174.771
174.771
214.071
203.288
205.872
201.324
174.22
171.118
197.481
180.943
206.542
180.61
143.57
171.118
148.095
148.095
204.774
155.356
149.334
154.954
166.768
201.3
201.639
200.272
143.57
155.356
211.328
230.084
152.286
165.631
209.072
174.22
178.245
188.113
317.797
202.115
205.651
219.442
180.208
247.157
201.629
170.502
207.203
207.203
190.229
179.619
231.41
185.973
230.147
190.121
228.954
232.727
200.978
232.233
228.432
230.555
199.764
212.922
172.136
220.445
212.317
204.458
210.677
184.217
207.135
187.731
240.749
170.502
179.238
217.853
258.122
232.727
230.151
205.877
178.656
178.656
185.6
158.141
175.047
165.417
140.564
180.208
201.059
128.824
64.4049
32.2025
24.1518
48.3037
96.6074
80.5061
112.709
170.658
161.103
144.975
177.233
155.093
141.082
149.312
205.627
156.314
155.638
162.738
169.827
135.748
172.749
95.2293
135.785
115.283
56.1779
75.5505
37.2674
27.9269
141.882
130.871
205.627
205.627
146.122
149.069
133.381
130.809
64.4049
32.2025
24.1518
48.3037
96.6074
80.5061
112.709
179.781
144.495
146.122
133.381
161.103
177.233
144.975
128.824
130.809
162.931
144.495
176.773
193.735
183.465
206.675
186.822
171.392
205.442
207.939
189.906
195.211
146.858
176.047
207.596
191.666
202.743
179.991
172.536
172.536
194.484
189.02
171.392
210.82
176.336
207.763
194.419
200.191
183.306
163.845
196.92
195.897
191.35
197.442
162.626
183.639
177.164
182.052
182.52
204.683
163.845
235.406
195.897
185.917
186.822
177.164
192.304
199.895
197.087
146.858
210.427
162.931
176.047
154.036
185.154
95.2293
115.283
56.1779
75.5505
37.2674
27.9269
134.588
156.314
135.785
174.326
166.754
153.351
156.807
141.975
156.807
163.619
153.351
134.588
141.882
188.85
216.03
203.278
172.018
191.748
195.133
192.533
222.579
198.348
183.952
183.952
244.109
149.027
236.184
177.838
188.85
185.444
212.009
142.379
183.941
182.424
137.07
172.018
191.722
195.129
180.801
207.921
190.588
177.979
196.756
236.991
219.474
178.383
207.703
162.295
196.143
217.116
198.068
201.719
201.889
221.878
181.4
187.568
231.489
237.214
198.771
208.527
218.248
208.296
234.004
155.374
178.383
203.153
207.015
174.112
134.405
192.228
190.588
196.579
188.014
181.4
189.449
225.485
188.035
220.935
203.153
221.094
187.81
202.719
188.233
214.408
208.744
191.385
209.981
134.405
137.486
128.77
174.112
149.642
146.098
134.589
161.239
177.418
144.993
64.3581
96.5371
112.627
80.4476
32.179
48.2685
24.1343
205.627
125.125
62.2512
31.0737
41.4612
82.9793
103.665
188.221
146.983
168.403
173.905
208.056
151.125
152.788
130.784
141.948
205.627
205.627
146.098
149.642
134.589
130.784
64.3581
96.5371
112.627
80.4476
32.179
48.2685
24.1343
177.418
144.993
128.77
161.239
139.189
171.951
153.051
148.096
130.843
153.493
190.977
207.359
198.893
202.908
208.37
177.418
196.841
151.157
151.157
163.147
190.977
194.539
197.042
197.798
168.754
176.781
216.509
212.039
183.387
202.593
208.37
214.908
229.221
177.418
177.553
193.976
205.921
193.359
182.347
184.917
192.086
178.727
168.754
186.497
234.324
173.061
185.877
203.544
203.173
206.547
193.976
194.577
202.593
151.152
151.152
173.061
182.915
171.315
179.483
151.676
171.222
195.361
198.893
181.435
62.2512
31.0737
41.4612
82.9793
103.665
178.753
133.78
146.973
184.545
168.403
188.221
146.983
125.125
141.851
146.973
133.78
141.851
193.941
211.721
219.287
209.054
194.811
194.662
163.663
201.129
30.0481
22.5932
45.0076
59.8654
74.6675
177.83
58.1659
73.6895
43.0536
42.7246
21.4003
90.2083
89.9285
177.83
177.83
30.0481
22.5932
45.0076
59.8654
74.6675
90.2083
191.995
200.993
198.031
220.744
209.056
194.677
195.725
140.693
58.1659
73.6895
43.0536
42.7246
21.4003
89.9285
145.035
165.993
165.993
205.523
209.978
194.838
145.035
169.157
58.2871
73.0639
43.5934
28.9924
21.7433
80.8788
177.83
89.6115
177.83
171.817
151.257
171.817
206.656
210.003
194.676
176.634
151.257
58.2871
73.0639
43.5934
28.9924
21.7433
80.8788
89.6115
197.756
191.581
192.135
194.129
193.073
194.777
155.247
171.379
208.902
156.189
232.11
167.632
169.632
221.714
274.074
184.921
167.632
191.286
180.427
204.004
174.704
211.466
179.047
197.157
182.822
196.832
186.101
213.768
190.731
174.646
196.102
204.706
219.599
224.71
178.648
187.856
187.068
191.447
203.647
155.205
187.361
192.552
233.667
174.552
272.603
200.649
195.217
168.26
166.287
178.774
178.001
142.379
180.863
188.809
192.467
193.792
190.37
209.182
182.787
183.941
149.027
214.965
185.444
140.693
178.182
191.484
185.971
200.642
178.981
177.887
177.838
188.048
157.377
143.697
188.048
211.838
179.495
191.286
197.829
192.135
195.151
169.632
191.722
137.07
212.969
163.909
224.329
172.722
194.129
177.837
182.165
180.751
186.128
199.175
193.316
166.926
198.647
194.804
188.462
194.676
198.869
209.932
174.646
177.238
194.777
193.032
220.633
199.613
209.641
233.351
173.25
215.677
175.047
190.914
204.795
157.335
137.486
188.737
151.676
158.141
182.855
155.205
179.483
191.447
189.741
171.222
193.147
192.552
199.213
154.036
163.438
230.084
191.385
202.723
198.188
197.34
173.04
185.411
195.336
202.783
156.963
216.509
200.873
223.128
166.287
213.722
181.526
178.774
225.713
217.432
158.037
176.915
157.655
200.642
213.977
207.41
203.64
204.431
195.05
195.05
187.03
205.448
218.115
182.424
228.217
163.909
187.819
179.628
174.012
178.069
209.057
174.012
177.837
188.064
181.921
205.284
190.239
181.462
211.031
185.424
205.831
188.462
194.778
189.703
200.037
157.005
189.431
141.999
224.207
206.422
165.378
238.988
216.905
221.117
221.117
224.329
177.4
218.66
175.12
209.939
218.352
230.322
216.996
208.895
221.936
190.914
181.623
232.162
181.788
213.479
183.199
140.564
181.435
186.461
183.369
190.628
183.776
182.38
201.573
198.188
200.708
183.67
167.71
185.411
209.072
194.198
202.976
211.386
178.001
171.379
201.129
204.004
207.444
178.981
194.679
162.633
205.284
202.85
233.482
179.628
204.081
188.49
180.427
192.333
185.971
166.726
195.703
203.646
182.578
180.835
216.057
191.392
198.869
221.715
214.143
169.385
214.641
169.385
194.203
189.703
198.607
193.312
177.341
170.766
207.585
193.841
233.351
200.686
225.078
210.954
172.722
177.649
175.12
197.452
209.057
208.491
233.353
193.032
200.106
211.253
229.639
221.781
218.542
173.25
184.09
181.623
183.199
161.025
199.608
185.702
206.522
223.175
201.573
203.129
193.117
202.92
186.981
207.182
209.519
195.143
186.488
157.655
237.291
211.031
197.74
188.275
182.364
208.922
218.286
198.66
180.835
209.641
232.054
182.578
186.468
222.791
190.409
189.431
182.847
215.564
227.137
195.455
181.332
211.52
177.4
194.64
215.268
227.64
192.733
205.638
216.066
194.257
168.961
183.67
162.022
189.741
168.086
210.539
183.291
193.778
173.081
173.081
161.498
165.671
208.426
192.612
194.804
177.254
186.495
177.884
196.043
177.254
187.637
204.702
195.455
186.128
177.649
161.498
183.133
162.022
183.092
200.642
225.705
219.965
204.722
168.086
181.939
188.116
180.468
203.014
183.092
197.381
194.076
197.381
0
0
0
0
0
0
0
0
